b0=[1 0];
b1=[1 0];
t0=[1 0 0];
t1=[0 1 0];
t2=[0 0 1];

sigma{1}=[0 1; 1 0];
sigma{2}=[0 -1i; 1i 0];
sigma{3}=[1 0 ; 0 -1];
sigma{4}=eye(2);

m{1}=[0 1 0;1 0 0;0 0 0];
m{2}=[0 -1i 0;1i 0 0;0 0 0];
m{3}=[1  0 0;0 -1 0;0 0 0];
m{4}=[0 0 1;0 0 0;1 0 0];
m{5}=[0  0 -1i;0  0  0; 1i 0  0];
m{6}=[0 0 0;0 0 1;0 1 0];
m{7}=[0  0  0;0  0 -1i;0 1i  0];
m{8}=[1 0 0;0 1 0;0 0 -2]/sqrt(3);
m{9}=eye(3);
