b0=[1 0];
b1=[1 0];
t0=[1 0 0];
t1=[0 1 0];
t2=[0 0 1];

